12579549979
12754395507
12578738845
12578166507
12950505541
12680375834
12839322083
12539542905
12526726574
12527387117
12526147501
12528013421
12540210085
12577506090
13696197630
13696778570
13680284430
13697348495
13681207255
12624238346
12625770054
12630951602
12625155393
12629794214
12630474598
12623526917
12626457548
13748679725
13749009193
13732290073
13732647753
13748335550
13732017043
13748010204
13680908974
13699153582
13697904883
13661971573
13697315942
13738733156
13744246301
13734929410
13735511429
13735210627
12930615553
12932082457
13008949550
12929537250
12931220579
12928185529
12909087526
12919140229
12910203759
12830103352
12829500509
13156214195
12925784602
13204693765
13096635486
13675694423
12810557740
12794023617
12811026872
12809743666
12793435299
12781492799
12791271129
12768380588
13719748477
13694614032
13693755020
13713919353
13487707631
13487108819
13437638759
13437961713
13438546248
13486472715
13485933359
13394524389
13734711955
13735229833
13734969540
13368107071
13633927522
13401663507
13648827263
13378335103
13633135843
13648267811
13367161636
13738384103
13742723506
13739900468
13743944212
13735410668
13745437118
13735793275
13743264590
13743939710
13743302677
13746337172
13745841354
13742641871
13742168788
13746990703
13724410515
13739906017
13739462654
13740426500
13696716117
13752361875
13751920393
13758006151
13758374725
12753495308
12752856213
12625507072
12625951064
12591511755
12581851696
12660813994
13733463041
13733622849
13732814269
13733312517
13733181307
13658729135
13659262824
13731899982
13732191155
13659904942
13658386386
13644722949
13656700943
13652877621
13643412329
13760492342
13756473360
13740352491
13754597795
13755291844
13756923583
13739645848
13738830699
13741190398
13746402318
13731995853
13744255024
13745523884
13748274018
13558479501
13562019418
13557311492
13558159772
13562575576
13557939273
13538668322
13483146971
13483572001
13474657578
13481923097
13482330425
13452894795
13452443361
13684967174
13624461381
13683412774
13623963599
13632914769
13624918413
13617983054
13623008268
13610741890
13612037095
13611201965
13602197871
