12680375834
12950505541
12839322083
12754395507
12539542905
12579549979
12578738845
12578166507
12528013421
12540210085
12577506090
12526726574
12505910436
12501644256
14338517335
14050639468
14389750146
14337663571
13713797844
13499404734
13498331086
13676270525
13494391691
13480668421
13431742480
13430990098
13780900238
13798498836
13796443091
13780162404
13781319772
13778804280
13797661678
13796931861
13760800565
13746302795
13764598081
13747103323
13762233009
13763860321
13747921908
13760130956
14376781286
14376379779
14377721025
14377201698
14366593820
14362818900
14361991515
14359276508
14355005563
14288756929
14355587159
14320495096
14354204974
14321342456
14289628050
14359030050
13075774795
13044840520
13077582306
13077929311
13074976636
13043759342
13063697062
13045805766
13008306456
13025504972
13026040460
12997937654
12980306737
13036096692
12998237879
12961618053
